2.44365720282919
1.220954322333312
2.3951910128775418
2.5872104444243176
0.8790049779342379
2.85344158350684
1.477528814371264
1.445433408330041
1.440233470502013
1.5291394077827771
1.5356230968680722
1.268681494861688
1.7857723467344846
1.9203828786314028
2.399957167861126
2.147552394825299
0.7169706989991639
1.3738139830534042
0.9500846438550037
1.7025252495097625
0.9950755519519763
1.6417889707381723
1.1504855410651798
0.7207661468422081
1.651181456494513
0.9163641048003726
0.9537873703130503
0.929477237431467
1.8585431321225647
0.6363861092935648
1.0554153718655326
1.5729205139973357
1.704058313337851
1.3377685640734482
0.9848754975538098
1.3024920073414055
1.5329917183834387
0.530419052534713
1.2166865527178552
0.8573979917437445
1.2964163610358854
1.7004731962817725
0.9781265420692646
1.8484251702556977
1.2018023814974301
2.1761397338681365
2.1472531741948124
0.7789355760616583
2.562359123757071
1.3725829282294146
2.5414961700768806
1.9219170204722666
1.2282061767627175
1.093740972766793
0.7375462337638043
1.1703904206377185
1.1712180145166158
1.3920781824588202
1.3823552558342174
0.9648493118269283
0.9312073923976764
1.4398365853757251
0.7449896657474055
1.4823734558344643
0.7923265115688561
1.4570453555135963
1.1399284069039533
1.0699444299057084
0.6418687763405472
0.9255982387236106
0.8728768939947467
1.103711112124482
0.9787402146918376
0.6904639783151729
0.8535985561070822
1.349170424422281
1.0510191836840437
1.3934567764029187
1.0570690786910817
0.9933784584552157
1.1783759413690562
0.9572950586363574
1.1516622004834574
0.985251439335764
0.7531185303652825
1.2270203394683221
1.2197476811523855
1.000679490954679
0.6616476128310719
0.6108099929368519
1.428503997549392
0.9754773936967215
0.7205446021286723
1.009678598277876
0.5056671623489138
1.1056719910133073
0.5139165884259487
1.0415267821368608
0.8713328989275502
1.5591400235365906
1.024146679565399
0.9262586304084275
0.9127338504350836
0.8625390855357493
1.6192220914630235
1.5224697019018565
1.4975056352715819
1.5441567740618167
1.3186812342347423
1.3772308026958289
0.8846087538814815
1.464183813617554
0.7201358031731351
1.8020544070246933
1.9017773046791426
1.0653025272855305
1.53751213857965
1.1140477577234429
2.3490116226130313
2.6309714575602348
1.585010723551216
1.8128224769738255
0.9311913352313798
1.6878037249173472
1.2701020290397966
1.9223191111299878
1.6942176582713127
1.272384461390901
0.7718216932446348
1.359818122289152
1.679000663194719
1.4594271854777325
1.5580496034264115
1.6924948572433007
1.5293380600541637
1.4465144824413796
1.3659700914784492
1.9508444959426134
2.0724548681479265
1.0068891055603846
1.9625284325988637
1.0547425572457252
1.3593533784880052
1.312628556008901
1.364002317245112
1.0834778291601666
1.6468022613487459
1.1309211679770599
1.0566886909372732
1.8108753653075427
1.3480444770505189
2.1834309358441573
1.6856230902565004
0.7896962337438768
1.4060356684936655
2.25182277172286
3.0563503301788435
2.9943648357208636
1.806730694984414
0.70298858652414
0.9579514924060256
1.2400180504879752
0.7510474850762864
1.1259251647263586
0.9440318920167317
1.7993168963412303
0.9327972751827204
1.2290145758598867
0.7174780839961529
1.3487845224003219
1.432792499366611
1.3450338502156562
0.9953845298665308
1.4871938939414502
1.3137196735750163
2.922868150086743
1.2569170207669407
2.438895058850922
3.662666108659782
1.994510990950616
1.1214247661085488
1.9196546207514373
1.5016696059875931
4.657638104692131
5.367150001588756
