2.6175401393652638
1.9205493129637197
2.512807120687471
2.7692573375285723
1.4029607460967848
3.2305211198134356
2.3941984072754994
2.443310370068279
2.309553994597014
2.539158333163989
2.5353481880178284
2.0688396659743495
3.0059534064246805
1.7104606872920562
2.512211624111288
2.134580334995733
1.280525438545828
2.3358293108820343
1.6533775415259364
2.8985162367355053
1.7431416154721788
2.736738448793639
1.976898808195634
1.266617753484198
2.7415664166025757
1.5993802092677298
1.6113307833392023
1.62638696395085
3.083220203716166
1.1401586741625946
1.827969169557464
2.6616278143988956
2.88228762919688
2.2950839019552034
1.704339188000033
2.2171755836356115
2.58014074473738
0.9678908272944142
2.1047859149321235
1.4762497342075656
2.2403991343734058
2.845283173862549
1.7079663467114283
3.0764136661618044
2.0452353269467753
2.2620501019269446
2.214820080692696
1.3898409375179095
2.8909536141519125
2.3688845718811087
2.8611991851982728
3.344829344338644
2.1940612569621907
1.9704044373062732
1.3853663018694935
2.0890974155357673
2.093266980603031
2.4554569580067906
2.439376763893247
1.7471584413045742
1.6944890932605654
2.5310568105231472
1.3835064078282613
2.601516100587364
1.465395822536662
2.558438159883575
2.038370871562311
1.9183298774468793
1.2129764363426454
1.6807475144498023
1.5972216825376684
1.971222207703667
1.770556677876258
1.2945218044458322
1.5633185742231037
2.3810212681770846
1.8874973282598744
2.4544026777826664
1.8978942064720377
1.7925012968219265
2.0943480868210136
1.7362382231620055
2.0556367104568487
1.7764979005046966
1.3986842084732718
2.181771220061181
2.1620597213705577
1.8046927299278857
1.24707244063497
1.1628011490741914
2.510119798761925
1.7646817156263515
1.342527951387911
1.8222216187823035
0.9911487693951311
1.97924620616354
1.0055487964560923
1.877539662053136
1.5923804506951913
2.727094536670744
1.8427423939940455
1.6847985341569403
1.6607910838772484
1.5818990036473237
2.8400489076679367
2.683143946462449
2.6416249157686247
2.7232352959107367
2.353656198828846
2.44665831043103
1.6295445165767066
2.588981976084568
1.3566141331553538
3.1524440455274263
1.723337047099135
1.9248588794780424
2.712116168381004
2.0119985749670017
2.455263260404199
3.0216981116849118
2.6659413111570918
3.0325005729025176
1.6084579466828979
2.8396419765832546
2.2041271670299194
3.2087668737996675
2.8577634479770073
2.214022775241709
1.3676132132009844
2.3363515184735584
2.8906074572553733
2.5014241271940207
2.65096737472133
2.833503884816594
2.574725432752779
2.4248680336687842
2.301241844615462
3.235500189230846
3.448110541996302
1.7399540005639227
3.3091600184759367
1.8511881681782392
2.308784102514079
2.252648843281559
2.351383331803768
1.8677892229084836
2.731038205920862
1.9672643188228511
1.8314446332826757
2.9952713241094755
2.3540321046290753
3.6163658537592758
2.8782483211501377
1.4272885049779138
2.324509797677223
2.2671741433553367
2.211645344678296
2.1059461861214768
1.648922473490904
1.3351793106642895
1.762378440239671
2.2326454091566217
1.4151647409905737
2.041538320325823
1.7376234288599617
3.167519445139322
1.7196408561601948
2.2156248637684475
1.360361898185226
2.156254791743758
2.559478943505642
2.17191808461775
1.6290897660208965
2.445495392307214
2.168977763710551
3.368570478389274
2.115406444360315
2.5683502540359164
3.096997311592242
1.8462846676581905
1.7698972903437962
2.9781307707181295
2.345451491441644
3.414781881601848
4.619554672067425
