2.8186552333884594
2.4006866412046497
2.765339278722135
3.1704916911867675
1.753700932620981
3.6029021422175753
2.841534760155616
2.7210264425144475
2.8054639263645234
2.917151161390324
2.8863421720705222
2.457688717602738
3.3068583842922603
1.9693331750471534
2.783912356522287
2.3009429757490283
1.4163362189294484
2.584387018415643
1.8329281011677065
3.1266312573636266
1.8915471919420703
3.097170698774459
2.1873988995831803
1.4475625096165814
3.1264291186126845
1.7727444545773619
1.8982355634297459
1.788797100939965
3.4847758266777142
1.2863670717327755
2.013672469461369
2.931225496937434
3.152226844515069
2.499285215731975
1.9008331850861646
2.4625310701622762
2.8814319921785767
1.1003971287696275
2.2787848646236046
1.7026261832222298
2.41136970032598
3.1840793336482487
1.8711272458680355
3.455222015929869
2.295919020045246
2.311759624340936
2.2613945519617253
1.514584566714304
2.9882978969616216
2.5393346441155606
2.9465917161212314
3.461713008123904
2.272431090374549
2.0426387927281167
1.4248432681326664
2.1843927729372967
2.1823897971891473
2.5661487116251194
2.54942028582863
1.833211195141388
1.7716971039803766
2.652459310714093
1.454987068709724
2.725510000486271
1.5320240419291056
2.6833877051248916
2.1324072165642534
2.017258064617934
1.2775468756240578
1.7675093346186288
1.672314963503453
2.0789664476222574
1.856590856260383
1.3597160773133454
1.6416175176372394
2.496574567116637
1.984125746909356
2.572600085368268
1.9940559125537813
1.8845470713650125
2.2078663355479597
1.818289021921568
2.1552136849203025
1.8736997607151364
1.4668514100362389
2.2830282475274988
2.279916548653542
1.8969658473794162
1.3098821789031219
1.2226525478061525
2.6356466581581666
1.8515629051063516
1.4136021314934175
1.9092118072284205
1.0390154799236346
2.0764905691664097
1.052282813879377
1.9607694583228148
1.6724575214279493
2.8592780794140085
1.9382730151542187
1.7650253947968497
1.7437618743164545
1.6523575958157586
2.9460250086016604
2.7757581992228793
2.733091510490123
2.8079025970074336
2.415904361349813
2.521325318529172
1.6766918705469342
2.6727435546167935
1.394837062478243
3.2483319209562014
1.8839196046841153
1.9918905090611
2.79662939928569
2.067776725061817
2.662848890969986
3.085215817792609
2.97121365301129
3.375653458555577
1.8171509405245767
3.1435468707036334
2.357227805385598
3.569946007419005
3.1453889110113367
2.353665897621569
1.515145940069298
2.53134759167377
3.0482316441205493
2.7023166226394393
2.8885919180152446
3.168620461285416
2.8743783612592155
2.74763829036681
2.597337455498539
3.6440366804722535
3.8392159047012813
1.9396772021236857
3.597658107693088
1.98274487099816
2.5633364854391596
2.4570805678567584
2.5286217061190177
2.0700182415508643
3.122914739292985
2.1259377408020694
2.0141875258842212
3.4139136759787916
2.465634763396724
4.048848944768304
3.0881474863032796
1.5090551514096586
2.7188744992721756
2.5291019673199413
2.2423886574059564
2.139638504456963
1.6788574198585926
1.3568635139479146
1.7887640015721435
2.2694468098691787
1.4389333886112554
2.0761036857755686
1.7669369188297672
3.219637841417045
1.7468762962088227
2.2490745376284638
1.380301149460034
2.6506415353905477
2.5913116068656405
2.617434888348501
1.9725014535747483
2.8149586570512364
2.503792110821962
3.6939310103821352
2.3566678010557913
2.8610098785472218
3.3694559695604096
2.02094173759489
2.2123716129297453
3.7226634633976614
2.931814364302055
3.339015545342305
4.5213815363391685
